#          t                 x                       y
                   0   2.000000000000000                   0
   0.098174770424681   1.990369453344394   0.098017140329561
   0.196349540849362   1.961570560806461   0.195090322016128
   0.294524311274043   1.913880671464418   0.290284677254462
   0.392699081698724   1.847759065022574   0.382683432365090
   0.490873852123405   1.763842528696710   0.471396736825998
   0.589048622548086   1.662939224605091   0.555570233019602
   0.687223392972767   1.546020906725474   0.634393284163645
   0.785398163397448   1.414213562373095   0.707106781186547
   0.883572933822129   1.268786568327291   0.773010453362737
   0.981747704246810   1.111140466039205   0.831469612302545
   1.079922474671491   0.942793473651996   0.881921264348355
   1.178097245096172   0.765366864730180   0.923879532511287
   1.276272015520854   0.580569354508925   0.956940335732209
   1.374446785945535   0.390180644032257   0.980785280403230
   1.472621556370215   0.196034280659122   0.995184726672197
   1.570796326794897   0.000000000000000   1.000000000000000
   1.668971097219578  -0.196034280659121   0.995184726672197
   1.767145867644259  -0.390180644032256   0.980785280403230
   1.865320638068940  -0.580569354508924   0.956940335732209
   1.963495408493621  -0.765366864730179   0.923879532511287
   2.061670178918302  -0.942793473651995   0.881921264348355
   2.159844949342983  -1.111140466039204   0.831469612302545
   2.258019719767664  -1.268786568327291   0.773010453362737
   2.356194490192345  -1.414213562373095   0.707106781186548
   2.454369260617026  -1.546020906725474   0.634393284163645
   2.552544031041707  -1.662939224605091   0.555570233019602
   2.650718801466388  -1.763842528696710   0.471396736825998
   2.748893571891069  -1.847759065022574   0.382683432365090
   2.847068342315750  -1.913880671464418   0.290284677254462
   2.945243112740431  -1.961570560806461   0.195090322016129
   3.043417883165112  -1.990369453344394   0.098017140329561
   3.141592653589793  -2.000000000000000   0.000000000000000
   3.239767424014474  -1.990369453344394  -0.098017140329561
   3.337942194439155  -1.961570560806461  -0.195090322016128
   3.436116964863836  -1.913880671464418  -0.290284677254462
   3.534291735288517  -1.847759065022574  -0.382683432365090
   3.632466505713198  -1.763842528696710  -0.471396736825998
   3.730641276137879  -1.662939224605091  -0.555570233019602
   3.828816046562560  -1.546020906725474  -0.634393284163645
   3.926990816987241  -1.414213562373095  -0.707106781186547
   4.025165587411922  -1.268786568327292  -0.773010453362737
   4.123340357836604  -1.111140466039204  -0.831469612302545
   4.221515128261284  -0.942793473651996  -0.881921264348355
   4.319689898685965  -0.765366864730181  -0.923879532511287
   4.417864669110647  -0.580569354508925  -0.956940335732209
   4.516039439535327  -0.390180644032257  -0.980785280403230
   4.614214209960009  -0.196034280659121  -0.995184726672197
   4.712388980384690  -0.000000000000000  -1.000000000000000
   4.810563750809370   0.196034280659120  -0.995184726672197
   4.908738521234052   0.390180644032257  -0.980785280403230
   5.006913291658733   0.580569354508924  -0.956940335732209
   5.105088062083414   0.765366864730180  -0.923879532511287
   5.203262832508095   0.942793473651995  -0.881921264348355
   5.301437602932776   1.111140466039204  -0.831469612302545
   5.399612373357457   1.268786568327291  -0.773010453362737
   5.497787143782138   1.414213562373095  -0.707106781186548
   5.595961914206819   1.546020906725473  -0.634393284163646
   5.694136684631500   1.662939224605091  -0.555570233019602
   5.792311455056181   1.763842528696710  -0.471396736825998
   5.890486225480862   1.847759065022573  -0.382683432365090
   5.988660995905543   1.913880671464418  -0.290284677254463
   6.086835766330224   1.961570560806461  -0.195090322016129
   6.185010536754906   1.990369453344394  -0.098017140329561
   6.283185307179586   2.000000000000000  -0.000000000000000