  -0.232630356300575  -0.242515766358066   1.134710083332610
  -0.233292682937136  -0.241942675024628   1.133463633107814
  -0.233965272340747  -0.241301271116132   1.132358380588170
  -0.234667653067183  -0.240611939721931   1.131386587199687
  -0.235419353672219  -0.239895065931372   1.130540514368374
  -0.236239902711629  -0.239171034833807   1.129812423520241
  -0.237148828741188  -0.238460231518584   1.129194576081295
  -0.238163746751578  -0.237781942316264   1.128679075556293
  -0.239278132049818  -0.237141592680787   1.128256033268447
  -0.240468936466452  -0.236535120374714   1.127914196904005
  -0.241712790459164  -0.235958278630035   1.127642287627197
  -0.242986324485640  -0.235406820678743   1.127429026602255
  -0.244266169003565  -0.234876499752828   1.127263134993411
  -0.245528954470625  -0.234363069084282   1.127133333964897
  -0.246751311344506  -0.233862281905098   1.127028344680944
  -0.247911844946323  -0.233370003423111   1.126937134188033
  -0.249009548327243  -0.232883254841701   1.126851207926352
  -0.250055442205215  -0.232399739339590   1.126763568852175
  -0.251060702753910  -0.231917168909924   1.126667239276938
  -0.252036506146998  -0.231433255545849   1.126555241512076
  -0.252994028558151  -0.230945711240512   1.126420597869026
  -0.253944446161039  -0.230452247987060   1.126256330659224
  -0.254898935129333  -0.229950577778638   1.126055462194106
  -0.255868325826449  -0.229439102324204   1.125811752939403
  -0.256860493928304  -0.228922116433500   1.125525270331893
  -0.257881816822598  -0.228406903240228   1.125199280001189
  -0.258938660186434  -0.227900769234793   1.124837072573940
  -0.260037389696910  -0.227411020907596   1.124441938676793
  -0.261184371031130  -0.226944964749042   1.124017168936394
  -0.262385969866192  -0.226509907249535   1.123566053979391
  -0.263648551879197  -0.226113154899478   1.123091884432432
  -0.264976749119415  -0.225761049248170   1.122597108190325
  -0.266362828467646  -0.225453049364654   1.122078162330014
  -0.267793685061590  -0.225185624393823   1.121528872676559
  -0.269256192144493  -0.224955231294071   1.120943054411935
  -0.270737222959603  -0.224758327023790   1.120314522718118
  -0.272223650750168  -0.224591368541372   1.119637092777082
  -0.273702348759436  -0.224450812805210   1.118904579770802
  -0.275160190230654  -0.224333116773697   1.118110798881254
  -0.276586025130346  -0.224233058200897   1.117251265078646
  -0.277980547569428  -0.224135353372599   1.116331678136246
  -0.279348843277529  -0.224020987943583   1.115361514188892
  -0.280696005182179  -0.223870941454092   1.114350255560913
  -0.282027126210906  -0.223666193444370   1.113307384576636
  -0.283347299291242  -0.223387723454660   1.112242383560387
  -0.284661617350714  -0.223016511025205   1.111164734836495
  -0.285975173316853  -0.222533535696248   1.110083920729285
  -0.287292542453555  -0.221924963038207   1.109007162800252
  -0.288615683066912  -0.221203175688435   1.107930253720463
  -0.289945728422595  -0.220388821660174   1.106845383009059
  -0.291283811475741  -0.219502552077630   1.105744738829007
  -0.292631065181491  -0.218565018065008   1.104620509343273
  -0.293988622494981  -0.217596870746514   1.103464882714826
  -0.295357616371351  -0.216618761246353   1.102270047106632
  -0.296739179765738  -0.215651340688731   1.101028190681658
  -0.298134414056050  -0.214710181282547   1.099737974057215
  -0.299544285601062  -0.213789138616695   1.098425733018049
  -0.300969724679123  -0.212876265066029   1.097125198833109
  -0.302411661568211  -0.211959612945780   1.095870102847322
  -0.303871026546303  -0.211027234571181   1.094694176405620
  -0.305348749891378  -0.210067182257464   1.093631150852931
  -0.306845761881413  -0.209067508319860   1.092714757534185
  -0.308362992713175  -0.208016265246520   1.091978727244640
  -0.309898953549852  -0.206906656255568   1.091440417681879
  -0.311443399135472  -0.205750529180501   1.091057919194962
  -0.312984103557736  -0.204563949169527   1.090775916167958
  -0.314508840904348  -0.203362981370853   1.090539092984934
  -0.316005385263007  -0.202163690932690   1.090292134029959
  -0.317461510721418  -0.200982143003244   1.089979723687102
  -0.318864991367282  -0.199834402730726   1.089546546340430
  -0.320203604438543  -0.198736532574505   1.088937297991858
  -0.321470905554643  -0.197699662953324   1.088117984855822
  -0.322678188759781  -0.196719783950926   1.087120031049949
  -0.323840140564750  -0.195789990068077   1.085987371839526
  -0.324971447480345  -0.194903375805544   1.084763942489843
  -0.326086796017360  -0.194053035664095   1.083493678266187
  -0.327200872686590  -0.193232064144495   1.082220514433848
  -0.328328363998829  -0.192433555747513   1.080988386258114
  -0.329483944741159  -0.191650606876166   1.079841200542816
  -0.330676505544993  -0.190877252452444   1.078808821996496
  -0.331899828387800  -0.190109978881165   1.077884436308214
  -0.333145259078649  -0.189345667852194   1.077055314922877
  -0.334404143426606  -0.188581201055399   1.076308729285394
  -0.335667827240742  -0.187813460180646   1.075631950840674
  -0.336927656330124  -0.187039326917802   1.075012251033624
  -0.338174976503819  -0.186255682956733   1.074436901309154
  -0.339401152024928  -0.185459410451112   1.073893167478662
  -0.340601459411019  -0.184647489881438   1.073367121049547
  -0.341779903936099  -0.183817121108349   1.072842168879237
  -0.342941671932130  -0.182965533676054   1.072301357280559
  -0.344091949731072  -0.182089957128761   1.071727732566340
  -0.345235923664886  -0.181187621010678   1.071104341049405
  -0.346378780065532  -0.180255754866014   1.070414229042581
  -0.347525705264972  -0.179291588238978   1.069640442858694
  -0.348681865810155  -0.178292374005083   1.068766100296741
  -0.349850161063414  -0.177258038598053   1.067782510829379
  -0.351029153781762  -0.176193622356612   1.066696652726270
  -0.352216917645275  -0.175104742359308   1.065517271364446
  -0.353411526334030  -0.173997015684687   1.064253112120939
  -0.354611053528105  -0.172876059411298   1.062912920372783
  -0.355813572907577  -0.171747490617686   1.061505441497010
  -0.357017158152523  -0.170616926382400   1.060039420870654
  -0.358219891236379  -0.169489955391903   1.058523709726596
  -0.359420441688703  -0.168370154850697   1.056974658821987
  -0.360618445626489  -0.167257792878204   1.055420956366875
  -0.361813629205903  -0.166152829347264   1.053892439824804
  -0.363005718583108  -0.165055224130723   1.052418946659321
  -0.364194439914267  -0.163964937101424   1.051030314333969
  -0.365379519355545  -0.162881928132209   1.049756380312294
  -0.366560683063106  -0.161806157095922   1.048626982057840
  -0.367737684269426  -0.160737539363645   1.047671347662531
  -0.368911569950197  -0.159673863951456   1.046889588608932
  -0.370085222269198  -0.158609903618947   1.046240514169125
  -0.371261662921708  -0.157540201796195   1.045679793359778
  -0.372443913603005  -0.156459301913278   1.045163095197558
  -0.373634996008367  -0.155361747400274   1.044646088699133
  -0.374837931833072  -0.154242081687261   1.044084442881169
  -0.376055742772399  -0.153094848204318   1.043433826760334
  -0.377291391940015  -0.151914825476104   1.042650964649027
  -0.378545837846475  -0.150704836724623   1.041728692005685
  -0.379817582597409  -0.149477563000626   1.040704094243498
  -0.381104978184670  -0.148246287778300   1.039616960942121
  -0.382406376600112  -0.147024294531835   1.038507081681208
  -0.383720129835588  -0.145824866735419   1.037414246040414
  -0.385044589882950  -0.144661287863243   1.036378243599394
  -0.386378108734052  -0.143546841389494   1.035438863937802
  -0.387719057084022  -0.142494238671678   1.034634826247387
  -0.389066284250633  -0.141501550422422   1.033977458158531
  -0.390419146744746  -0.140551332764842   1.033449060654632
  -0.391777025500607  -0.139625394732234   1.033030536969409
  -0.393139301452461  -0.138705545357895   1.032702790336579
  -0.394505355534554  -0.137773593675120   1.032446723989863
  -0.395874568681133  -0.136811348717206   1.032243241162978
  -0.397246321826442  -0.135800619517449   1.032073245089644
  -0.398619916256668  -0.134724326082025   1.031917811683278
  -0.399993079119899  -0.133587345320581   1.031761429642201
  -0.401362094565402  -0.132414681846746   1.031591716135211
  -0.402723193384470  -0.131232084539187   1.031396404013014
  -0.404072606368396  -0.130065302276568   1.031163226126316
  -0.405406564308471  -0.128940083937554   1.030879915325824
  -0.406721297995988  -0.127882178400812   1.030534204462243
  -0.408013038222240  -0.126917334545007   1.030113826386279
  -0.409278015778517  -0.126071301248804   1.029606513948639
  -0.410512461456113  -0.125369827390867   1.029000000000028
  -0.411716025348145  -0.124829631756807   1.028287577181550
  -0.412902034755030  -0.124431312759996   1.027484777295900
  -0.414087236279011  -0.124146438720750   1.026612691936174
  -0.415288376522332  -0.123946577959384   1.025692412695464
  -0.416522202087236  -0.123803298796213   1.024745031166866
  -0.417805459575966  -0.123688169551550   1.023791638943474
  -0.419154895590765  -0.123572758545712   1.022853327618382
  -0.420587255684883  -0.123428634878966   1.021951187574023
  -0.422112094556164  -0.123232714221871   1.021098010114066
  -0.423714606109586  -0.122980025068031   1.020278471369860
  -0.425374830541505  -0.122669427814749   1.019471299496973
  -0.427072808048277  -0.122299782859328   1.018655222650973
  -0.428788578826258  -0.121869950599071   1.017808968987426
  -0.430502183071802  -0.121378791431281   1.016911266661900
  -0.432193660981265  -0.120825165753261   1.015940843829963
  -0.433843060349196  -0.120207935562044   1.014876439934028
  -0.435437996769255  -0.119527556185918   1.013708036115417
  -0.436987854654851  -0.118789066180124   1.012457950330085
  -0.438505908693634  -0.117998323161756   1.011154279399291
  -0.440005433573257  -0.117161184747904   1.009825120144293
  -0.441499703981371  -0.116283508555661   1.008498569386351
  -0.443001994605629  -0.115371152202118   1.007202723946722
  -0.444525580133682  -0.114429973304368   1.005965680646666
  -0.446083718660255  -0.113465818228084   1.004815499722306
  -0.447684043278014  -0.112480719107937   1.003767839048963
  -0.449320398357760  -0.111467358149507   1.002807954254681
  -0.450984554154490  -0.110417011131014   1.001916527825610
  -0.452668280923198  -0.109320953830675   1.001074242247902
  -0.454363348918881  -0.108170462026710   1.000261780007709
  -0.456061528396536  -0.106956811497338   0.999459823591183
  -0.457754589611159  -0.105671278020776   0.998649055484476
  -0.459434321724127  -0.104305201887116   0.997810217783770
  -0.461095583820599  -0.102860398501537   0.996933731764077
  -0.462739672608812  -0.101360649561372   0.996030315916064
  -0.464368695408129  -0.099832502710433   0.995113244510486
  -0.465984759537917  -0.098302505592533   0.994195791818101
  -0.467589972317540  -0.096797205851484   0.993291232109666
  -0.469186441066363  -0.095343151131100   0.992412839655938
  -0.470776273103753  -0.093966889075192   0.991573888727674
  -0.472361590243994  -0.092694814102019   0.990787656494310
  -0.473945867199354  -0.091539019169475   0.990067690676372
  -0.475535014176763  -0.090485851664866   0.989428026042003
  -0.477135196145891  -0.089518965883149   0.988882748306526
  -0.478752578076407  -0.088622016119281   0.988445943185264
  -0.480393324937980  -0.087778656668219   0.988131696393538
  -0.482063601700279  -0.086972541824920   0.987954093646672
  -0.483769573332974  -0.086187325884342   0.987927220659988
  -0.485517335638101  -0.085406837135026   0.988064794196926
  -0.487308834359780  -0.084625343480564   0.988358393907921
  -0.489139582652356  -0.083853294227879   0.988765286918243
  -0.491004540329118  -0.083102530632571   0.989239788738098
  -0.492898667203356  -0.082384893950237   0.989736214877689
  -0.494816923088357  -0.081712225436474   0.990208880847219
  -0.496754267797413  -0.081096366346881   0.990612102156892
  -0.498705661143811  -0.080549157937056   0.990900194316911
  -0.500666063942180  -0.080082093246301   0.991028400850118
  -0.502630478616763  -0.079692195556296   0.990990527856930
  -0.504593963249365  -0.079357133210875   0.990831963248031
  -0.506551579807457  -0.079053223312214   0.990601696056027
  -0.508498390258511  -0.078756782962483   0.990348715313522
  -0.510429456569999  -0.078444129263858   0.990122010053124
  -0.512339840709391  -0.078091579318511   0.989970569307438
  -0.514224604644161  -0.077675450228615   0.989943382109069
  -0.516078875189013  -0.077172538870361   0.990088097737054
  -0.517899745853712  -0.076574192766279   0.990411733256668
  -0.519686583854209  -0.075888581515356   0.990874330623609
  -0.521438883061211  -0.075124811775202   0.991433315087382
  -0.523156137345423  -0.074291990203430   0.992046111897490
  -0.524837840577555  -0.073399223457650   0.992670146303438
  -0.526483486628311  -0.072455618195474   0.993262843554729
  -0.528092569368400  -0.071470281074514   0.993781628900867
  -0.529664862752477  -0.070452299017649   0.994185098171143
  -0.531206582666015  -0.069410305048902   0.994458770529929
  -0.532730386925307  -0.068352478293442   0.994615088476685
  -0.534249213430595  -0.067286978141703   0.994667665090659
  -0.535776000082119  -0.066221963984122   0.994630113451096
  -0.537323684780120  -0.065165595211133   0.994516046637243
  -0.538905205424841  -0.064126031213174   0.994339077728348
  -0.540533499916522  -0.063111431380678   0.994112819803657
  -0.542220975915973  -0.062130147005895   0.993850499444800
  -0.543970522225718  -0.061193974402433   0.993558404828187
  -0.545776794090377  -0.060317689735265   0.993236822595235
  -0.547634175271980  -0.059516167423090   0.992885841500576
  -0.549537049532559  -0.058804281884610   0.992505550298846
  -0.551479800634146  -0.058196907538524   0.992096037744680
  -0.553456812338769  -0.057708918803534   0.991657392592711
  -0.555462468408462  -0.057355190098339   0.991189703597574
  -0.557491409872625  -0.057149699634661   0.990693435161946
  -0.559541962811321  -0.057093588519734   0.990174432402183
  -0.561615208249644  -0.057178400837436   0.989642563057884
  -0.563712293510743  -0.057395449718232   0.989107791673516
  -0.565834365917766  -0.057736048292586   0.988580082793545
  -0.567982572793860  -0.058191509690962   0.988069400962438
  -0.570158061462175  -0.058753147043825   0.987585710724660
  -0.572361979245859  -0.059412273481638   0.987138976624679
  -0.574595324321247  -0.060160233277256   0.986738313060226
  -0.576857361032997  -0.060988732733819   0.986382951473250
  -0.579146235124680  -0.061889711722389   0.986065747205191
  -0.581460073696518  -0.062855114006831   0.985779449329147
  -0.583797003848730  -0.063876883351006   0.985516806918216
  -0.586155152681537  -0.064946963518778   0.985270569045498
  -0.588532647295159  -0.066057298274009   0.985033484784089
  -0.590927614789817  -0.067199831380563   0.984798303207090
  -0.593338182265732  -0.068366506602303   0.984557773387598
  -0.595762476823124  -0.069549267703091   0.984304644398712
  -0.598198625562214  -0.070740058446790   0.984031665313531
  -0.600644755583221  -0.071930822597264   0.983731585205151
  -0.603098993986367  -0.073113503918375   0.983397153146673
  -0.605559467871872  -0.074280046173985   0.983021118211195
  -0.608024304339956  -0.075422393127959   0.982596229471814
  -0.610491630490841  -0.076532488544159   0.982115236001630
  -0.612959912328123  -0.077603447752354   0.981572606607590
  -0.615430307321293  -0.078637690296691   0.980976467691424
  -0.617905256425225  -0.079642072642928   0.980341458582766
  -0.620387208499246  -0.080623478581978   0.979682258721664
  -0.622878612402685  -0.081588791904753   0.979013547548164
  -0.625381916994869  -0.082544896402165   0.978350004502313
  -0.627899571135125  -0.083498675865127   0.977706309024156
  -0.630434023682780  -0.084457014084549   0.977097140553741
  -0.632986695971916  -0.085423033916486   0.976536878404771
  -0.635552178348776  -0.086374855522045   0.976037906651022
  -0.638122274511135  -0.087280399406994   0.975611795423627
  -0.640688779936565  -0.088107555989620   0.975270112452708
  -0.643243490102640  -0.088824215688211   0.975024425468387
  -0.645778200486931  -0.089398268921055   0.974886302200787
  -0.648284706567011  -0.089797606106439   0.974867310380030
  -0.650754803820453  -0.089990117662652   0.974979017736239
  -0.653181141969693  -0.089950597983782   0.975228705535621
  -0.655561150837829  -0.089692474062886   0.975599669264855
  -0.657893922021170  -0.089242603283453   0.976066865898782
  -0.660178548784473  -0.088627856513298   0.976605244040243
  -0.662414124392496  -0.087875104620238   0.977189752292080
  -0.664599742109995  -0.087011218472088   0.977795339257133
  -0.666734495201728  -0.086063068936665   0.978396953538245
  -0.668817476932451  -0.085057526881784   0.978969543738255
  -0.670849231500313  -0.084018322009401   0.979493940150075
  -0.672837161443813  -0.082954336210600   0.979978774916508
  -0.674790693756651  -0.081870068577362   0.980440886772145
  -0.676719255727851  -0.080770017562313   0.980897115648744
  -0.678632274646440  -0.079658681618075   0.981364301478065
  -0.680539177801443  -0.078540559197275   0.981859284191866
  -0.682449392481884  -0.077420148752535   0.982398903721907
  -0.684372345976789  -0.076301948736481   0.982999999999946
  -0.686314908344034  -0.075187975256039   0.983673543687846
  -0.688273720716897  -0.074070315035342   0.984407028367881
  -0.690242866997504  -0.072938572452824   0.985182078352425
  -0.692216431087983  -0.071782351886922   0.985980317953853
  -0.694188496890461  -0.070591257716069   0.986783371484538
  -0.696153148307066  -0.069354894318700   0.987572863256856
  -0.698104469239923  -0.068062866073250   0.988330417583179
  -0.700036543535030  -0.066704777765588   0.989037659210466
  -0.701943070262289  -0.065273027147629   0.989679191946731
  -0.703816444967861  -0.063769473831316   0.990249711902684
  -0.705648787427677  -0.062197979156117   0.990746050291440
  -0.707432217417664  -0.060562404461501   0.991165038326114
  -0.709158854713750  -0.058866611086936   0.991503507219822
  -0.710820819091865  -0.057114460371890   0.991758288185679
  -0.712410230327937  -0.055309813655832   0.991926212436799
  -0.713919214229521  -0.053456531918058   0.992004116273931
  -0.715345904104856  -0.051558117406173   0.991993903278963
  -0.716705713874084  -0.049617040473920   0.991912053098517
  -0.718017145650473  -0.047635587066780   0.991777650246634
  -0.719298701547288  -0.045616043130235   0.991609779237352
  -0.720568883677796  -0.043560694609768   0.991427524584711
  -0.721846194155264  -0.041471827450862   0.991249970802749
  -0.723149135092958  -0.039351727598999   0.991096202405506
  -0.724496169290572  -0.037202680630588   0.990985260423363
  -0.725892432246618  -0.035026847006271   0.990921444926862
  -0.727310389880597  -0.032826080486979   0.990872921067280
  -0.728717593915407  -0.030602188699508   0.990802418538722
  -0.730081596073944  -0.028356979270656   0.990672667035293
  -0.731369948079105  -0.026092259827221   0.990446396251098
  -0.732550201653789  -0.023809837995999   0.990086335880244
  -0.733589908520892  -0.021511521403789   0.989555215616835
  -0.734456720359600  -0.019199092146530   0.988816005425763
  -0.735134519251530  -0.016870186747468   0.987870689240731
  -0.735641222394720  -0.014513748473466   0.986803063197961
  -0.735999032613104  -0.012117625955950   0.985707225043617
  -0.736230152730614  -0.009669667826347   0.984677272523861
  -0.736356785571182  -0.007157722716080   0.983807303384854
  -0.736401133958742  -0.004569639256576   0.983191415372760
  -0.736385400717227  -0.001893266079260   0.982923706233740
  -0.736331789944737   0.000883297537881   0.983097452844310
  -0.736262624665119   0.003748557969398   0.983729315391534
  -0.736200441993029   0.006648906951984   0.984698028260734
  -0.736167801437899   0.009526330858364   0.985867898232291
  -0.736187262509161   0.012322816061262   0.987103232086589
  -0.736281384716247   0.014980348933406   0.988268336604009
  -0.736472727568590   0.017440915847519   0.989227518564935
  -0.736783850575621   0.019646503176328   0.989845084749747
  -0.737237117022663   0.021539855783698   0.989986880897842
  -0.737843116748437   0.023109228001917   0.989611090289491
  -0.738594190749426   0.024413413839349   0.988819019393358
  -0.739481110229235   0.025517275233485   0.987724286350234
  -0.740494646391466   0.026485674121816   0.986440509300908
  -0.741625570439721   0.027383472441832   0.985081306386169
  -0.742864653577605   0.028275532131025   0.983760295746807
  -0.744202667008719   0.029226715126884   0.982591095523611
  -0.745630244181013   0.030300996305667   0.981685548625146
  -0.747132294252810   0.031525489657949   0.981081730073928
  -0.748686069497446   0.032878003569473   0.980719041999193
  -0.750268287632058   0.034332904214598   0.980529997801040
  -0.751855666373784   0.035864557767682   0.980447110879569
  -0.753424923439760   0.037447330403083   0.980402894634877
  -0.754952776547124   0.039055588295160   0.980329862467065
  -0.756415943413013   0.040663697618270   0.980160527776231
  -0.757791851443008   0.042246377730841   0.979829102990820
  -0.759079451562527   0.043789059401861   0.979321328883352
  -0.760302578148060   0.045289556916706   0.978682518407769
  -0.761486451686340   0.046746374373388   0.977961302932755
  -0.762656292664098   0.048158015869915   0.977206313826992
  -0.763837321568068   0.049522985504299   0.976466182459164
  -0.765054758884983   0.050839787374550   0.975789540197954
  -0.766333825101573   0.052106925578678   0.975225018412046
  -0.767698848353554   0.053323207562101   0.974819333761881
  -0.769153632703175   0.054494417760599   0.974575164618333
  -0.770681458139221   0.055633317600322   0.974451151062692
  -0.772264712299455   0.056752971854826   0.974404018468006
  -0.773885782821639   0.057866445297668   0.974390492207323
  -0.775527057343537   0.058986802702402   0.974367297653690
  -0.777170923502912   0.060127108842586   0.974291160180154
  -0.778799768937527   0.061300428491775   0.974118805159763
  -0.780396683818265   0.062519303899556   0.973809015898721
  -0.781957370190612   0.063786896965209   0.973357519719286
  -0.783488439034366   0.065098255835807   0.972791999529800
  -0.784996861026286   0.066448161126154   0.972141191900386
  -0.786489606843129   0.067831393451049   0.971433833401164
  -0.787973647161655   0.069242733425295   0.970698660602256
  -0.789455952658620   0.070676961663693   0.969964410073784
  -0.790943494010784   0.072128858781043   0.969259818385868
  -0.792443200076459   0.073593232444941   0.968612533851167
  -0.793961400714199   0.075065277822210   0.968034616781928
  -0.795503977970154   0.076540479774223   0.967526473896386
  -0.797076803113820   0.078014330133883   0.967088231467761
  -0.798685747414690   0.079482320734093   0.966720015769274
  -0.800336682142259   0.080939943407758   0.966421953074147
  -0.802035478566021   0.082382689987779   0.966194169655601
  -0.803788007955473   0.083806052307061   0.966036791786857
  -0.805599075787655   0.085205799299940   0.965947313613806
  -0.807461097702351   0.086580921204907   0.965892630802103
  -0.809358495895945   0.087932486521199   0.965819898062407
  -0.811275559340766   0.089261598385734   0.965675941089461
  -0.813196577009143   0.090569359935430   0.965407585578005
  -0.815105837873405   0.091856874307202   0.964961657222783
  -0.816987630905881   0.093125244637968   0.964284981718537
  -0.818826245078899   0.094375574064646   0.963324384760008
  -0.820607317074417   0.095609989093760   0.962035863916817
  -0.822329367482165   0.096840399496251   0.960463098546531
  -0.823998073800502   0.098084149568886   0.958698474544847
  -0.825619190206759   0.099358641833830   0.956834899648319
  -0.827198470878271   0.100681278813248   0.954965281593498
  -0.828741669992370   0.102069463029305   0.953182528116940
  -0.830254541726389   0.103540597004168   0.951579546955196
  -0.831742840257660   0.105112083260001   0.950249245844821
  -0.833211265263789   0.106799136297588   0.949272918411200
  -0.834656141911435   0.108599594028072   0.948639622597988
  -0.836069801795401   0.110503007949251   0.948294431712056
  -0.837444551915746   0.112498878526356   0.948182148177213
  -0.838772699272529   0.114576706224617   0.948247574417269
  -0.840046550865806   0.116725991509263   0.948435512856035
  -0.841258413695639   0.118936234845524   0.948690765917319
  -0.842400594762084   0.121196936698630   0.948958136024933
  -0.843468017088956   0.123497190896633   0.949187388045971
  -0.844472995026012   0.125823387943616   0.949361277170511
  -0.845434937579438   0.128160815543637   0.949476016734830
  -0.846373274683613   0.130494758147652   0.949527859774753
  -0.847307436272915   0.132810500206620   0.949513059326106
  -0.848256852281722   0.135093326171498   0.949427868424712
  -0.849240952644413   0.137328520493244   0.949268540106397
  -0.850279167295364   0.139501367622817   0.949031327406986
  -0.851387321510808   0.141598876307872   0.948714105202584
  -0.852561069970115   0.143617703948480   0.948323823706029
  -0.853789055166100   0.145557862240637   0.947870588116332
  -0.855059912551231   0.147419366248102   0.947364506800161
  -0.856362277577973   0.149202231034636   0.946815688124186
  -0.857684785698795   0.150906471664001   0.946234240455074
  -0.859016072366162   0.152532103199956   0.945630272159494
  -0.860344773032542   0.154079140706262   0.945013891604113
  -0.861659523150402   0.155547599246681   0.944395207155601
  -0.862949144676297   0.156937579266973   0.943784375971599
  -0.864212048727344   0.158253571152671   0.943194063811492
  -0.865460655536892   0.159506478694956   0.942640601332456
  -0.866708495848116   0.160707714078961   0.942140609709995
  -0.867969100404191   0.161868689489822   0.941710710119614
  -0.869255999948288   0.163000817112671   0.941367523736816
  -0.870582725223582   0.164115509132643   0.941127671737105
  -0.871962806973247   0.165224177734870   0.941007775295985
  -0.873409324361414   0.166338100314643   0.941024006923234
  -0.874918901228743   0.167463642590044   0.941176189964995
  -0.876467400717337   0.168600973509457   0.941443521004384
  -0.878029358708664   0.169749865853068   0.941803877926563
  -0.879579311084190   0.170910092401063   0.942235138616696
  -0.881091793725382   0.172081425933630   0.942715180959947
  -0.882541342513706   0.173263639230955   0.943221882841480
  -0.883902493330629   0.174456505073225   0.943733122146457
  -0.885150419948564   0.175660145162771   0.944227355334018
  -0.886277547091564   0.176884117358809   0.944698685662723
  -0.887295118196461   0.178148273232456   0.945158285166833
  -0.888215328887156   0.179472985194879   0.945618189524561
  -0.889050374787547   0.180878625657246   0.946090434414120
  -0.889812451521537   0.182385567030725   0.946587055513725
  -0.890513754713025   0.184014181726484   0.947120088501588
  -0.891166479985910   0.185784842155691   0.947701569055924
  -0.891782562119523   0.187716615480006   0.948342629536070
  -0.892368519012456   0.189801463137289   0.949035643350067
  -0.892925756818179   0.192005767720640   0.949755281655807
  -0.893455481937033   0.194294912271300   0.950475523855272
  -0.893958900769355   0.196634279830508   0.951170349350445
  -0.894437219715486   0.198989253439504   0.951813737543308
  -0.894891645175764   0.201325216139528   0.952379667835842
  -0.895323383550529   0.203607550971819   0.952842119630029
  -0.895734015666080   0.205803190487970   0.953176559718273
  -0.896131249313179   0.207904422839478   0.953382793985877
  -0.896527792326311   0.209924228171241   0.953480490768713
  -0.896936498658967   0.211876191321573   0.953489898853884
  -0.897370222264639   0.213773897128789   0.953431267028494
  -0.897841817096819   0.215630930431204   0.953324844079648
  -0.898364137109000   0.217460876067133   0.953190878794451
  -0.898950036254673   0.219277318874890   0.953049619960006
  -0.899611199732857   0.221093054525791   0.952921171333220
  -0.900343940698931   0.222910499171892   0.952823729161243
  -0.901133735556812   0.224724751768325   0.952774144963774
  -0.901965833911726   0.226530758131091   0.952789242117168
  -0.902825485368901   0.228323464076192   0.952885843997780
  -0.903697939533564   0.230097815419630   0.953080773981963
  -0.904568446010942   0.231848757977407   0.953390855446072
  -0.905422254406262   0.233571237565525   0.953832911766461
  -0.906245868940853   0.235260037506806   0.954418731716893
  -0.907039262376367   0.236908196729162   0.955106056663359
  -0.907810594548878   0.238507693801281   0.955819774363424
  -0.908568140855086   0.240050492324870   0.956484308845692
  -0.909320176691693   0.241528555901639   0.957024084138766
  -0.910074977455398   0.242933848133295   0.957363524271251
  -0.910840818542900   0.244258332621547   0.957427053271749
  -0.911625975350902   0.245493972968103   0.957139095168865
  -0.912438194453785   0.246636347585427   0.956434912806328
  -0.913280533401561   0.247713087118251   0.955345875917960
  -0.914153598314343   0.248768579172731   0.953953599082822
  -0.915057973919381   0.249847357587779   0.952340135351007
  -0.915994244943928   0.250993956202308   0.950587537772611
  -0.916962996115232   0.252252908855231   0.948777859397730
  -0.917964812160547   0.253668749385459   0.946993153276456
  -0.919000277807123   0.255286011631906   0.945315472458887
  -0.920069585443665   0.257140245372680   0.943820774616831
  -0.921170027831812   0.259200602561481   0.942539968766943
  -0.922297598111770   0.261406475450569   0.941483772985290
  -0.923448283293454   0.263697115916257   0.940662810107654
  -0.924618070386779   0.266011775834853   0.940087702969817
  -0.925802946401661   0.268289707082669   0.939769074407561
  -0.926998898348015   0.270470161536016   0.939717547256668
  -0.928201913235756   0.272492391071204   0.939943744352920
  -0.929408155537951   0.274303082620074   0.940449176456513
  -0.930614890320436   0.275895033917458   0.941178842964633
  -0.931819803996967   0.277278695631631   0.942056108619126
  -0.933020583835317   0.278464554211015   0.943004294311272
  -0.934214917103258   0.279463096104030   0.943946720932350
  -0.935400491068563   0.280284807759098   0.944806709373642
  -0.936574992999004   0.280940175624639   0.945507580526427
  -0.937736110162354   0.281439686149074   0.945972655281985
  -0.938881634709415   0.281797666118229   0.946143584631722
  -0.940009907200137   0.282048522555770   0.946057863429504
  -0.941119446841523   0.282233203724305   0.945784208151720
  -0.942208772937970   0.282392661452582   0.945391352296081
  -0.943276404793874   0.282567847569345   0.944948029360294
  -0.944320861713633   0.282799713903340   0.944522972842070
  -0.945340663001643   0.283129212283313   0.944184916239116
  -0.946334327962302   0.283597294538010   0.944002593049144
  -0.947302353799180   0.284235075962277   0.944027961623459
  -0.948253981945740   0.285030184844728   0.944238817920021
  -0.949200869501638   0.285958235827027   0.944592469919163
  -0.950154673647627   0.286994843147516   0.945046224913402
  -0.951127051564460   0.288115621044540   0.945557390195255
  -0.952129660432889   0.289296183756443   0.946083273057239
  -0.953174157433670   0.290512145521569   0.946581180791871
  -0.954272199724559   0.291739120604836   0.947008420803173
  -0.955433206310395   0.292955309815818   0.947333153576919
  -0.956658220644786   0.294148593256813   0.947564153688055
  -0.957946327372124   0.295309114748324   0.947719694220923
  -0.959296611136801   0.296427018110853   0.947818048259868
  -0.960708156583211   0.297492447164901   0.947877488889233
  -0.962180048355745   0.298495545730971   0.947916289193362
  -0.963711371098797   0.299426457629565   0.947952722256597
  -0.965301209041322   0.300275328506886   0.948005059223218
  -0.966947542657241   0.301037154636217   0.948086416767377
  -0.968644851403694   0.301722318065962   0.948193562023873
  -0.970386922197402   0.302344244323582   0.948320028005067
  -0.972167541955080   0.302916358936540   0.948459347723320
  -0.973980497593448   0.303452087432296   0.948605054190992
  -0.975819576029222   0.303964855338311   0.948750680420443
  -0.977678564179122   0.304468088182046   0.948889759424035
  -0.979551250496663   0.304975210248136   0.949015810859685
  -0.981432361074442   0.305498887541605   0.949114206506551
  -0.983319150806708   0.306049740996226   0.949148343409909
  -0.985209296630954   0.306638050234501   0.949077951151470
  -0.987100475484669   0.307274094878934   0.948862759312946
  -0.988990364305344   0.307968154552027   0.948462497476048
  -0.990876640030472   0.308730508876283   0.947836895222489
  -0.992756979597542   0.309571437474206   0.946945682133980
  -0.994629056697451   0.310501195512403   0.945748713693203
  -0.996489748477955   0.311524037970872   0.944236734838991
  -0.998334098531120   0.312630408052526   0.942471594679147
  -1.000156893379879   0.313808812514267   0.940525111305459
  -1.001952919547161   0.315047758112996   0.938469102809713
  -1.003716963555898   0.316335751605615   0.936375387283698
  -1.005443811929021   0.317661299749025   0.934315782819201
  -1.007128251189461   0.319012909300127   0.932362107508010
  -1.008765102017202   0.320379109226156   0.930585956793207
  -1.010353555244662   0.321751270148954   0.929030439796942
  -1.011901419829016   0.323126366552998   0.927682489416057
  -1.013417513374183   0.324502028786765   0.926522463803078
  -1.014910653484085   0.325875887198732   0.925530721110532
  -1.016389657762640   0.327245572137378   0.924687619490945
  -1.017863343813768   0.328608713951181   0.923973517096843
  -1.019340529241390   0.329962942988618   0.923368772080752
  -1.020829923062477   0.331305894965190   0.922853592113129
  -1.022331832881598   0.332635620844976   0.922396542010927
  -1.023832325326139   0.333950875467211   0.921946451146259
  -1.025316087567071   0.335250481852208   0.921450237211605
  -1.026767806775362   0.336533263020275   0.920854817899443
  -1.028172170121980   0.337798041991724   0.920107110902253
  -1.029513864777896   0.339043641786866   0.919154033912514
  -1.030777577914077   0.340268885426010   0.917942504622704
  -1.031948317601998   0.341472759420242   0.916420500460188
  -1.033027591103466   0.342662656205153   0.914590485421636
  -1.034041009883548   0.343858248704575   0.912534524703221
  -1.035016096159856   0.345080183322934   0.910340993528994
  -1.035980372150000   0.346349106464656   0.908098267123004
  -1.036961360071593   0.347685664534170   0.905894720709300
