   1.000000000000000  -0.242515766358066
   1.000174825174825  -0.241942675024628
   1.000349650349650  -0.241301271116132
   1.000524475524475  -0.240611939721931
   1.000699300699301  -0.239895065931372
   1.000874125874126  -0.239171034833807
   1.001048951048951  -0.238460231518584
   1.001223776223776  -0.237781942316264
   1.001398601398601  -0.237141592680787
   1.001573426573426  -0.236535120374714
   1.001748251748251  -0.235958278630035
   1.001923076923076  -0.235406820678743
   1.002097902097902  -0.234876499752828
   1.002272727272727  -0.234363069084282
   1.002447552447552  -0.233862281905098
   1.002622377622377  -0.233370003423111
   1.002797202797202  -0.232883254841701
   1.002972027972027  -0.232399739339590
   1.003146853146852  -0.231917168909924
   1.003321678321677  -0.231433255545849
   1.003496503496502  -0.230945711240512
   1.003671328671327  -0.230452247987060
   1.003846153846153  -0.229950577778638
   1.004020979020978  -0.229439102324204
   1.004195804195803  -0.228922116433500
   1.004370629370628  -0.228406903240228
   1.004545454545453  -0.227900769234793
   1.004720279720278  -0.227411020907596
   1.004895104895103  -0.226944964749042
   1.005069930069929  -0.226509907249535
   1.005244755244754  -0.226113154899478
   1.005419580419579  -0.225761049248170
   1.005594405594404  -0.225453049364654
   1.005769230769229  -0.225185624393823
   1.005944055944054  -0.224955231294071
   1.006118881118879  -0.224758327023790
   1.006293706293705  -0.224591368541372
   1.006468531468530  -0.224450812805210
   1.006643356643355  -0.224333116773697
   1.006818181818180  -0.224233058200897
   1.006993006993005  -0.224135353372599
   1.007167832167830  -0.224020987943583
   1.007342657342655  -0.223870941454092
   1.007517482517480  -0.223666193444370
   1.007692307692305  -0.223387723454660
   1.007867132867130  -0.223016511025205
   1.008041958041956  -0.222533535696248
   1.008216783216781  -0.221924963038207
   1.008391608391606  -0.221203175688435
   1.008566433566431  -0.220388821660174
   1.008741258741256  -0.219502552077630
   1.008916083916081  -0.218565018065008
   1.009090909090906  -0.217596870746514
   1.009265734265731  -0.216618761246353
   1.009440559440557  -0.215651340688731
   1.009615384615382  -0.214710181282547
   1.009790209790207  -0.213789138616695
   1.009965034965032  -0.212876265066029
   1.010139860139857  -0.211959612945780
   1.010314685314682  -0.211027234571181
   1.010489510489507  -0.210067182257464
   1.010664335664333  -0.209067508319860
   1.010839160839158  -0.208016265246520
   1.011013986013983  -0.206906656255568
   1.011188811188808  -0.205750529180501
   1.011363636363633  -0.204563949169527
   1.011538461538458  -0.203362981370853
   1.011713286713283  -0.202163690932690
   1.011888111888108  -0.200982143003244
   1.012062937062933  -0.199834402730726
   1.012237762237759  -0.198736532574505
   1.012412587412584  -0.197699662953324
   1.012587412587409  -0.196719783950926
   1.012762237762234  -0.195789990068077
   1.012937062937059  -0.194903375805544
   1.013111888111884  -0.194053035664095
   1.013286713286709  -0.193232064144495
   1.013461538461534  -0.192433555747513
   1.013636363636360  -0.191650606876166
   1.013811188811185  -0.190877252452444
   1.013986013986010  -0.190109978881165
   1.014160839160835  -0.189345667852194
   1.014335664335660  -0.188581201055399
   1.014510489510485  -0.187813460180646
   1.014685314685310  -0.187039326917802
   1.014860139860135  -0.186255682956733
   1.015034965034961  -0.185459410451112
   1.015209790209786  -0.184647489881438
   1.015384615384611  -0.183817121108349
   1.015559440559436  -0.182965533676054
   1.015734265734261  -0.182089957128761
   1.015909090909086  -0.181187621010678
   1.016083916083911  -0.180255754866014
   1.016258741258736  -0.179291588238978
   1.016433566433562  -0.178292374005083
   1.016608391608387  -0.177258038598053
   1.016783216783212  -0.176193622356612
   1.016958041958037  -0.175104742359308
   1.017132867132862  -0.173997015684687
   1.017307692307687  -0.172876059411298
   1.017482517482512  -0.171747490617686
   1.017657342657337  -0.170616926382400
   1.017832167832162  -0.169489955391903
   1.018006993006988  -0.168370154850697
   1.018181818181813  -0.167257792878204
   1.018356643356638  -0.166152829347264
   1.018531468531463  -0.165055224130723
   1.018706293706288  -0.163964937101424
   1.018881118881113  -0.162881928132209
   1.019055944055938  -0.161806157095922
   1.019230769230763  -0.160737539363645
   1.019405594405589  -0.159673863951456
   1.019580419580414  -0.158609903618947
   1.019755244755239  -0.157540201796195
   1.019930069930064  -0.156459301913278
   1.020104895104889  -0.155361747400274
   1.020279720279714  -0.154242081687261
   1.020454545454539  -0.153094848204318
   1.020629370629365  -0.151914825476104
   1.020804195804190  -0.150704836724623
   1.020979020979015  -0.149477563000626
   1.021153846153840  -0.148246287778300
   1.021328671328665  -0.147024294531835
   1.021503496503490  -0.145824866735419
   1.021678321678315  -0.144661287863243
   1.021853146853140  -0.143546841389494
   1.022027972027965  -0.142494238671678
   1.022202797202791  -0.141501550422422
   1.022377622377616  -0.140551332764842
   1.022552447552441  -0.139625394732234
   1.022727272727266  -0.138705545357895
   1.022902097902091  -0.137773593675120
   1.023076923076916  -0.136811348717206
   1.023251748251741  -0.135800619517449
   1.023426573426566  -0.134724326082025
   1.023601398601392  -0.133587345320581
   1.023776223776217  -0.132414681846746
   1.023951048951042  -0.131232084539187
   1.024125874125867  -0.130065302276568
   1.024300699300692  -0.128940083937554
   1.024475524475517  -0.127882178400812
   1.024650349650342  -0.126917334545007
   1.024825174825167  -0.126071301248804
   1.024999999999993  -0.125369827390867
   1.025174825174818  -0.124829631756807
   1.025349650349643  -0.124431312759996
   1.025524475524468  -0.124146438720750
   1.025699300699293  -0.123946577959384
   1.025874125874118  -0.123803298796213
   1.026048951048943  -0.123688169551550
   1.026223776223768  -0.123572758545712
   1.026398601398594  -0.123428634878966
   1.026573426573419  -0.123232714221871
   1.026748251748244  -0.122980025068031
   1.026923076923069  -0.122669427814749
   1.027097902097894  -0.122299782859328
   1.027272727272719  -0.121869950599071
   1.027447552447544  -0.121378791431281
   1.027622377622369  -0.120825165753261
   1.027797202797194  -0.120207935562044
   1.027972027972020  -0.119527556185918
   1.028146853146845  -0.118789066180124
   1.028321678321670  -0.117998323161756
   1.028496503496495  -0.117161184747904
   1.028671328671320  -0.116283508555661
   1.028846153846145  -0.115371152202118
   1.029020979020970  -0.114429973304368
   1.029195804195796  -0.113465818228084
   1.029370629370621  -0.112480719107937
   1.029545454545446  -0.111467358149507
   1.029720279720271  -0.110417011131014
   1.029895104895096  -0.109320953830675
   1.030069930069921  -0.108170462026710
   1.030244755244746  -0.106956811497338
   1.030419580419571  -0.105671278020776
   1.030594405594397  -0.104305201887116
   1.030769230769222  -0.102860398501537
   1.030944055944047  -0.101360649561372
   1.031118881118872  -0.099832502710433
   1.031293706293697  -0.098302505592533
   1.031468531468522  -0.096797205851484
   1.031643356643347  -0.095343151131100
   1.031818181818172  -0.093966889075192
   1.031993006992997  -0.092694814102019
   1.032167832167822  -0.091539019169475
   1.032342657342648  -0.090485851664866
   1.032517482517473  -0.089518965883149
   1.032692307692298  -0.088622016119281
   1.032867132867123  -0.087778656668219
   1.033041958041948  -0.086972541824920
   1.033216783216773  -0.086187325884342
   1.033391608391598  -0.085406837135026
   1.033566433566424  -0.084625343480564
   1.033741258741249  -0.083853294227879
   1.033916083916074  -0.083102530632571
   1.034090909090899  -0.082384893950237
   1.034265734265724  -0.081712225436474
   1.034440559440549  -0.081096366346881
   1.034615384615374  -0.080549157937056
   1.034790209790199  -0.080082093246301
   1.034965034965025  -0.079692195556296
   1.035139860139850  -0.079357133210875
   1.035314685314675  -0.079053223312214
   1.035489510489500  -0.078756782962483
   1.035664335664325  -0.078444129263858
   1.035839160839150  -0.078091579318511
   1.036013986013975  -0.077675450228615
   1.036188811188800  -0.077172538870361
   1.036363636363625  -0.076574192766279
   1.036538461538451  -0.075888581515356
   1.036713286713276  -0.075124811775202
   1.036888111888101  -0.074291990203430
   1.037062937062926  -0.073399223457650
   1.037237762237751  -0.072455618195474
   1.037412587412576  -0.071470281074514
   1.037587412587401  -0.070452299017649
   1.037762237762226  -0.069410305048902
   1.037937062937052  -0.068352478293442
   1.038111888111877  -0.067286978141703
   1.038286713286702  -0.066221963984122
   1.038461538461527  -0.065165595211133
   1.038636363636352  -0.064126031213174
   1.038811188811177  -0.063111431380678
   1.038986013986002  -0.062130147005895
   1.039160839160828  -0.061193974402433
   1.039335664335653  -0.060317689735265
   1.039510489510478  -0.059516167423090
   1.039685314685303  -0.058804281884610
   1.039860139860128  -0.058196907538524
   1.040034965034953  -0.057708918803534
   1.040209790209778  -0.057355190098339
   1.040384615384603  -0.057149699634661
   1.040559440559429  -0.057093588519734
   1.040734265734254  -0.057178400837436
   1.040909090909079  -0.057395449718232
   1.041083916083904  -0.057736048292586
   1.041258741258729  -0.058191509690962
   1.041433566433554  -0.058753147043825
   1.041608391608379  -0.059412273481638
   1.041783216783204  -0.060160233277256
   1.041958041958029  -0.060988732733819
   1.042132867132854  -0.061889711722389
   1.042307692307680  -0.062855114006831
   1.042482517482505  -0.063876883351006
   1.042657342657330  -0.064946963518778
   1.042832167832155  -0.066057298274009
   1.043006993006980  -0.067199831380563
   1.043181818181805  -0.068366506602303
   1.043356643356630  -0.069549267703091
   1.043531468531456  -0.070740058446790
   1.043706293706281  -0.071930822597264
   1.043881118881106  -0.073113503918375
   1.044055944055931  -0.074280046173985
   1.044230769230756  -0.075422393127959
   1.044405594405581  -0.076532488544159
   1.044580419580406  -0.077603447752354
   1.044755244755232  -0.078637690296691
   1.044930069930057  -0.079642072642928
   1.045104895104882  -0.080623478581978
   1.045279720279707  -0.081588791904753
   1.045454545454532  -0.082544896402165
   1.045629370629357  -0.083498675865127
   1.045804195804182  -0.084457014084549
   1.045979020979007  -0.085423033916486
   1.046153846153832  -0.086374855522045
   1.046328671328657  -0.087280399406994
   1.046503496503483  -0.088107555989620
   1.046678321678308  -0.088824215688211
   1.046853146853133  -0.089398268921055
   1.047027972027958  -0.089797606106439
   1.047202797202783  -0.089990117662652
   1.047377622377608  -0.089950597983782
   1.047552447552433  -0.089692474062886
   1.047727272727258  -0.089242603283453
   1.047902097902084  -0.088627856513298
   1.048076923076909  -0.087875104620238
   1.048251748251734  -0.087011218472088
   1.048426573426559  -0.086063068936665
   1.048601398601384  -0.085057526881784
   1.048776223776209  -0.084018322009401
   1.048951048951034  -0.082954336210600
   1.049125874125860  -0.081870068577362
   1.049300699300685  -0.080770017562313
   1.049475524475510  -0.079658681618075
   1.049650349650335  -0.078540559197275
   1.049825174825160  -0.077420148752535
   1.049999999999985  -0.076301948736481
   1.050174825174810  -0.075187975256039
   1.050349650349635  -0.074070315035342
   1.050524475524460  -0.072938572452824
   1.050699300699286  -0.071782351886922
   1.050874125874111  -0.070591257716069
   1.051048951048936  -0.069354894318700
   1.051223776223761  -0.068062866073250
   1.051398601398586  -0.066704777765588
   1.051573426573411  -0.065273027147629
   1.051748251748236  -0.063769473831316
   1.051923076923061  -0.062197979156117
   1.052097902097887  -0.060562404461501
   1.052272727272712  -0.058866611086936
   1.052447552447537  -0.057114460371890
   1.052622377622362  -0.055309813655832
   1.052797202797187  -0.053456531918058
   1.052972027972012  -0.051558117406173
   1.053146853146837  -0.049617040473920
   1.053321678321662  -0.047635587066780
   1.053496503496488  -0.045616043130235
   1.053671328671313  -0.043560694609768
   1.053846153846138  -0.041471827450862
   1.054020979020963  -0.039351727598999
   1.054195804195788  -0.037202680630588
   1.054370629370613  -0.035026847006271
   1.054545454545438  -0.032826080486979
   1.054720279720263  -0.030602188699508
   1.054895104895089  -0.028356979270656
   1.055069930069914  -0.026092259827221
   1.055244755244739  -0.023809837995999
   1.055419580419564  -0.021511521403789
   1.055594405594389  -0.019199092146530
   1.055769230769214  -0.016870186747468
   1.055944055944039  -0.014513748473466
   1.056118881118864  -0.012117625955950
   1.056293706293689  -0.009669667826347
   1.056468531468515  -0.007157722716080
   1.056643356643340  -0.004569639256576
   1.056818181818165  -0.001893266079260
   1.056993006992990   0.000883297537881
   1.057167832167815   0.003748557969398
   1.057342657342640   0.006648906951984
   1.057517482517465   0.009526330858364
   1.057692307692290   0.012322816061262
   1.057867132867116   0.014980348933406
   1.058041958041941   0.017440915847519
   1.058216783216766   0.019646503176328
   1.058391608391591   0.021539855783698
   1.058566433566416   0.023109228001917
   1.058741258741241   0.024413413839349
   1.058916083916066   0.025517275233485
   1.059090909090892   0.026485674121816
   1.059265734265717   0.027383472441832
   1.059440559440542   0.028275532131025
   1.059615384615367   0.029226715126884
   1.059790209790192   0.030300996305667
   1.059965034965017   0.031525489657949
   1.060139860139842   0.032878003569473
   1.060314685314667   0.034332904214598
   1.060489510489492   0.035864557767682
   1.060664335664318   0.037447330403083
   1.060839160839143   0.039055588295160
   1.061013986013968   0.040663697618270
   1.061188811188793   0.042246377730841
   1.061363636363618   0.043789059401861
   1.061538461538443   0.045289556916706
   1.061713286713268   0.046746374373388
   1.061888111888093   0.048158015869915
   1.062062937062919   0.049522985504299
   1.062237762237744   0.050839787374550
   1.062412587412569   0.052106925578678
   1.062587412587394   0.053323207562101
   1.062762237762219   0.054494417760599
   1.062937062937044   0.055633317600322
   1.063111888111869   0.056752971854826
   1.063286713286694   0.057866445297668
   1.063461538461520   0.058986802702402
   1.063636363636345   0.060127108842586
   1.063811188811170   0.061300428491775
   1.063986013985995   0.062519303899556
   1.064160839160820   0.063786896965209
   1.064335664335645   0.065098255835807
   1.064510489510470   0.066448161126154
   1.064685314685295   0.067831393451049
   1.064860139860121   0.069242733425295
   1.065034965034946   0.070676961663693
   1.065209790209771   0.072128858781043
   1.065384615384596   0.073593232444941
   1.065559440559421   0.075065277822210
   1.065734265734246   0.076540479774223
   1.065909090909071   0.078014330133883
   1.066083916083896   0.079482320734093
   1.066258741258721   0.080939943407758
   1.066433566433547   0.082382689987779
   1.066608391608372   0.083806052307061
   1.066783216783197   0.085205799299940
   1.066958041958022   0.086580921204907
   1.067132867132847   0.087932486521199
   1.067307692307672   0.089261598385734
   1.067482517482497   0.090569359935430
   1.067657342657323   0.091856874307202
   1.067832167832148   0.093125244637968
   1.068006993006973   0.094375574064646
   1.068181818181798   0.095609989093760
   1.068356643356623   0.096840399496251
   1.068531468531448   0.098084149568886
   1.068706293706273   0.099358641833830
   1.068881118881098   0.100681278813248
   1.069055944055924   0.102069463029305
   1.069230769230749   0.103540597004168
   1.069405594405574   0.105112083260001
   1.069580419580399   0.106799136297588
   1.069755244755224   0.108599594028072
   1.069930069930049   0.110503007949251
   1.070104895104874   0.112498878526356
   1.070279720279699   0.114576706224617
   1.070454545454524   0.116725991509263
   1.070629370629349   0.118936234845524
   1.070804195804175   0.121196936698630
   1.070979020979000   0.123497190896633
   1.071153846153825   0.125823387943616
   1.071328671328650   0.128160815543637
   1.071503496503475   0.130494758147652
   1.071678321678300   0.132810500206620
   1.071853146853125   0.135093326171498
   1.072027972027951   0.137328520493244
   1.072202797202776   0.139501367622817
   1.072377622377601   0.141598876307872
   1.072552447552426   0.143617703948480
   1.072727272727251   0.145557862240637
   1.072902097902076   0.147419366248102
   1.073076923076901   0.149202231034636
   1.073251748251726   0.150906471664001
   1.073426573426552   0.152532103199956
   1.073601398601377   0.154079140706262
   1.073776223776202   0.155547599246681
   1.073951048951027   0.156937579266973
   1.074125874125852   0.158253571152671
   1.074300699300677   0.159506478694956
   1.074475524475502   0.160707714078961
   1.074650349650327   0.161868689489822
   1.074825174825152   0.163000817112671
   1.074999999999978   0.164115509132643
   1.075174825174803   0.165224177734870
   1.075349650349628   0.166338100314643
   1.075524475524453   0.167463642590044
   1.075699300699278   0.168600973509457
   1.075874125874103   0.169749865853068
   1.076048951048928   0.170910092401063
   1.076223776223753   0.172081425933630
   1.076398601398579   0.173263639230955
   1.076573426573404   0.174456505073225
   1.076748251748229   0.175660145162771
   1.076923076923054   0.176884117358809
   1.077097902097879   0.178148273232456
   1.077272727272704   0.179472985194879
   1.077447552447529   0.180878625657246
   1.077622377622355   0.182385567030725
   1.077797202797180   0.184014181726484
   1.077972027972005   0.185784842155691
   1.078146853146830   0.187716615480006
   1.078321678321655   0.189801463137289
   1.078496503496480   0.192005767720640
   1.078671328671305   0.194294912271300
   1.078846153846130   0.196634279830508
   1.079020979020956   0.198989253439504
   1.079195804195781   0.201325216139528
   1.079370629370606   0.203607550971819
   1.079545454545431   0.205803190487970
   1.079720279720256   0.207904422839478
   1.079895104895081   0.209924228171241
   1.080069930069906   0.211876191321573
   1.080244755244731   0.213773897128789
   1.080419580419556   0.215630930431204
   1.080594405594381   0.217460876067133
   1.080769230769207   0.219277318874890
   1.080944055944032   0.221093054525791
   1.081118881118857   0.222910499171892
   1.081293706293682   0.224724751768325
   1.081468531468507   0.226530758131091
   1.081643356643332   0.228323464076192
   1.081818181818157   0.230097815419630
   1.081993006992983   0.231848757977407
   1.082167832167808   0.233571237565525
   1.082342657342633   0.235260037506806
   1.082517482517458   0.236908196729162
   1.082692307692283   0.238507693801281
   1.082867132867108   0.240050492324870
   1.083041958041933   0.241528555901639
   1.083216783216759   0.242933848133295
   1.083391608391584   0.244258332621547
   1.083566433566409   0.245493972968103
   1.083741258741234   0.246636347585427
   1.083916083916059   0.247713087118251
   1.084090909090884   0.248768579172731
   1.084265734265709   0.249847357587779
   1.084440559440534   0.250993956202308
   1.084615384615359   0.252252908855231
   1.084790209790184   0.253668749385459
   1.084965034965010   0.255286011631906
   1.085139860139835   0.257140245372680
   1.085314685314660   0.259200602561481
   1.085489510489485   0.261406475450569
   1.085664335664310   0.263697115916257
   1.085839160839135   0.266011775834853
   1.086013986013960   0.268289707082669
   1.086188811188785   0.270470161536016
   1.086363636363611   0.272492391071204
   1.086538461538436   0.274303082620074
   1.086713286713261   0.275895033917458
   1.086888111888086   0.277278695631631
   1.087062937062911   0.278464554211015
   1.087237762237736   0.279463096104030
   1.087412587412561   0.280284807759098
   1.087587412587387   0.280940175624639
   1.087762237762212   0.281439686149074
   1.087937062937037   0.281797666118229
   1.088111888111862   0.282048522555770
   1.088286713286687   0.282233203724305
   1.088461538461512   0.282392661452582
   1.088636363636337   0.282567847569345
   1.088811188811162   0.282799713903340
   1.088986013985987   0.283129212283313
   1.089160839160813   0.283597294538010
   1.089335664335638   0.284235075962277
   1.089510489510463   0.285030184844728
   1.089685314685288   0.285958235827027
   1.089860139860113   0.286994843147516
   1.090034965034938   0.288115621044540
   1.090209790209763   0.289296183756443
   1.090384615384588   0.290512145521569
   1.090559440559414   0.291739120604836
   1.090734265734239   0.292955309815818
   1.090909090909064   0.294148593256813
   1.091083916083889   0.295309114748324
   1.091258741258714   0.296427018110853
   1.091433566433539   0.297492447164901
   1.091608391608364   0.298495545730971
   1.091783216783189   0.299426457629565
   1.091958041958015   0.300275328506886
   1.092132867132840   0.301037154636217
   1.092307692307665   0.301722318065962
   1.092482517482490   0.302344244323582
   1.092657342657315   0.302916358936540
   1.092832167832140   0.303452087432296
   1.093006993006965   0.303964855338311
   1.093181818181790   0.304468088182046
   1.093356643356616   0.304975210248136
   1.093531468531441   0.305498887541605
   1.093706293706266   0.306049740996226
   1.093881118881091   0.306638050234501
   1.094055944055916   0.307274094878934
   1.094230769230741   0.307968154552027
   1.094405594405566   0.308730508876283
   1.094580419580391   0.309571437474206
   1.094755244755216   0.310501195512403
   1.094930069930042   0.311524037970872
   1.095104895104867   0.312630408052526
   1.095279720279692   0.313808812514267
   1.095454545454517   0.315047758112996
   1.095629370629342   0.316335751605615
   1.095804195804167   0.317661299749025
   1.095979020978992   0.319012909300127
   1.096153846153817   0.320379109226156
   1.096328671328643   0.321751270148954
   1.096503496503468   0.323126366552998
   1.096678321678293   0.324502028786765
   1.096853146853118   0.325875887198732
   1.097027972027943   0.327245572137378
   1.097202797202768   0.328608713951181
   1.097377622377593   0.329962942988618
   1.097552447552419   0.331305894965190
   1.097727272727244   0.332635620844976
   1.097902097902069   0.333950875467211
   1.098076923076894   0.335250481852208
   1.098251748251719   0.336533263020275
   1.098426573426544   0.337798041991724
   1.098601398601369   0.339043641786866
   1.098776223776194   0.340268885426010
   1.098951048951019   0.341472759420242
   1.099125874125845   0.342662656205153
   1.099300699300670   0.343858248704575
   1.099475524475495   0.345080183322934
   1.099650349650320   0.346349106464656
   1.099825174825145   0.347685664534170
