   1.000000000000000   1.134710083332610
   1.000174825174825   1.133463633107814
   1.000349650349650   1.132358380588170
   1.000524475524475   1.131386587199687
   1.000699300699301   1.130540514368374
   1.000874125874126   1.129812423520241
   1.001048951048951   1.129194576081295
   1.001223776223776   1.128679075556293
   1.001398601398601   1.128256033268447
   1.001573426573426   1.127914196904005
   1.001748251748251   1.127642287627197
   1.001923076923076   1.127429026602255
   1.002097902097902   1.127263134993411
   1.002272727272727   1.127133333964897
   1.002447552447552   1.127028344680944
   1.002622377622377   1.126937134188033
   1.002797202797202   1.126851207926352
   1.002972027972027   1.126763568852175
   1.003146853146852   1.126667239276938
   1.003321678321677   1.126555241512076
   1.003496503496502   1.126420597869026
   1.003671328671327   1.126256330659224
   1.003846153846153   1.126055462194106
   1.004020979020978   1.125811752939403
   1.004195804195803   1.125525270331893
   1.004370629370628   1.125199280001189
   1.004545454545453   1.124837072573940
   1.004720279720278   1.124441938676793
   1.004895104895103   1.124017168936394
   1.005069930069929   1.123566053979391
   1.005244755244754   1.123091884432432
   1.005419580419579   1.122597108190325
   1.005594405594404   1.122078162330014
   1.005769230769229   1.121528872676559
   1.005944055944054   1.120943054411935
   1.006118881118879   1.120314522718118
   1.006293706293705   1.119637092777082
   1.006468531468530   1.118904579770802
   1.006643356643355   1.118110798881254
   1.006818181818180   1.117251265078646
   1.006993006993005   1.116331678136246
   1.007167832167830   1.115361514188892
   1.007342657342655   1.114350255560913
   1.007517482517480   1.113307384576636
   1.007692307692305   1.112242383560387
   1.007867132867130   1.111164734836495
   1.008041958041956   1.110083920729285
   1.008216783216781   1.109007162800252
   1.008391608391606   1.107930253720463
   1.008566433566431   1.106845383009059
   1.008741258741256   1.105744738829007
   1.008916083916081   1.104620509343273
   1.009090909090906   1.103464882714826
   1.009265734265731   1.102270047106632
   1.009440559440557   1.101028190681658
   1.009615384615382   1.099737974057215
   1.009790209790207   1.098425733018049
   1.009965034965032   1.097125198833109
   1.010139860139857   1.095870102847322
   1.010314685314682   1.094694176405620
   1.010489510489507   1.093631150852931
   1.010664335664333   1.092714757534185
   1.010839160839158   1.091978727244640
   1.011013986013983   1.091440417681879
   1.011188811188808   1.091057919194962
   1.011363636363633   1.090775916167958
   1.011538461538458   1.090539092984934
   1.011713286713283   1.090292134029959
   1.011888111888108   1.089979723687102
   1.012062937062933   1.089546546340430
   1.012237762237759   1.088937297991858
   1.012412587412584   1.088117984855822
   1.012587412587409   1.087120031049949
   1.012762237762234   1.085987371839526
   1.012937062937059   1.084763942489843
   1.013111888111884   1.083493678266187
   1.013286713286709   1.082220514433848
   1.013461538461534   1.080988386258114
   1.013636363636360   1.079841200542816
   1.013811188811185   1.078808821996496
   1.013986013986010   1.077884436308214
   1.014160839160835   1.077055314922877
   1.014335664335660   1.076308729285394
   1.014510489510485   1.075631950840674
   1.014685314685310   1.075012251033624
   1.014860139860135   1.074436901309154
   1.015034965034961   1.073893167478662
   1.015209790209786   1.073367121049547
   1.015384615384611   1.072842168879237
   1.015559440559436   1.072301357280559
   1.015734265734261   1.071727732566340
   1.015909090909086   1.071104341049405
   1.016083916083911   1.070414229042581
   1.016258741258736   1.069640442858694
   1.016433566433562   1.068766100296741
   1.016608391608387   1.067782510829379
   1.016783216783212   1.066696652726270
   1.016958041958037   1.065517271364446
   1.017132867132862   1.064253112120939
   1.017307692307687   1.062912920372783
   1.017482517482512   1.061505441497010
   1.017657342657337   1.060039420870654
   1.017832167832162   1.058523709726596
   1.018006993006988   1.056974658821987
   1.018181818181813   1.055420956366875
   1.018356643356638   1.053892439824804
   1.018531468531463   1.052418946659321
   1.018706293706288   1.051030314333969
   1.018881118881113   1.049756380312294
   1.019055944055938   1.048626982057840
   1.019230769230763   1.047671347662531
   1.019405594405589   1.046889588608932
   1.019580419580414   1.046240514169125
   1.019755244755239   1.045679793359778
   1.019930069930064   1.045163095197558
   1.020104895104889   1.044646088699133
   1.020279720279714   1.044084442881169
   1.020454545454539   1.043433826760334
   1.020629370629365   1.042650964649027
   1.020804195804190   1.041728692005685
   1.020979020979015   1.040704094243498
   1.021153846153840   1.039616960942121
   1.021328671328665   1.038507081681208
   1.021503496503490   1.037414246040414
   1.021678321678315   1.036378243599394
   1.021853146853140   1.035438863937802
   1.022027972027965   1.034634826247387
   1.022202797202791   1.033977458158531
   1.022377622377616   1.033449060654632
   1.022552447552441   1.033030536969409
   1.022727272727266   1.032702790336579
   1.022902097902091   1.032446723989863
   1.023076923076916   1.032243241162978
   1.023251748251741   1.032073245089644
   1.023426573426566   1.031917811683278
   1.023601398601392   1.031761429642201
   1.023776223776217   1.031591716135211
   1.023951048951042   1.031396404013014
   1.024125874125867   1.031163226126316
   1.024300699300692   1.030879915325824
   1.024475524475517   1.030534204462243
   1.024650349650342   1.030113826386279
   1.024825174825167   1.029606513948639
   1.024999999999993   1.029000000000028
   1.025174825174818   1.028287577181550
   1.025349650349643   1.027484777295900
   1.025524475524468   1.026612691936174
   1.025699300699293   1.025692412695464
   1.025874125874118   1.024745031166866
   1.026048951048943   1.023791638943474
   1.026223776223768   1.022853327618382
   1.026398601398594   1.021951187574023
   1.026573426573419   1.021098010114066
   1.026748251748244   1.020278471369860
   1.026923076923069   1.019471299496973
   1.027097902097894   1.018655222650973
   1.027272727272719   1.017808968987426
   1.027447552447544   1.016911266661900
   1.027622377622369   1.015940843829963
   1.027797202797194   1.014876439934028
   1.027972027972020   1.013708036115417
   1.028146853146845   1.012457950330085
   1.028321678321670   1.011154279399291
   1.028496503496495   1.009825120144293
   1.028671328671320   1.008498569386351
   1.028846153846145   1.007202723946722
   1.029020979020970   1.005965680646666
   1.029195804195796   1.004815499722306
   1.029370629370621   1.003767839048963
   1.029545454545446   1.002807954254681
   1.029720279720271   1.001916527825610
   1.029895104895096   1.001074242247902
   1.030069930069921   1.000261780007709
   1.030244755244746   0.999459823591183
   1.030419580419571   0.998649055484476
   1.030594405594397   0.997810217783770
   1.030769230769222   0.996933731764077
   1.030944055944047   0.996030315916064
   1.031118881118872   0.995113244510486
   1.031293706293697   0.994195791818101
   1.031468531468522   0.993291232109666
   1.031643356643347   0.992412839655938
   1.031818181818172   0.991573888727674
   1.031993006992997   0.990787656494310
   1.032167832167822   0.990067690676372
   1.032342657342648   0.989428026042003
   1.032517482517473   0.988882748306526
   1.032692307692298   0.988445943185264
   1.032867132867123   0.988131696393538
   1.033041958041948   0.987954093646672
   1.033216783216773   0.987927220659988
   1.033391608391598   0.988064794196926
   1.033566433566424   0.988358393907921
   1.033741258741249   0.988765286918243
   1.033916083916074   0.989239788738098
   1.034090909090899   0.989736214877689
   1.034265734265724   0.990208880847219
   1.034440559440549   0.990612102156892
   1.034615384615374   0.990900194316911
   1.034790209790199   0.991028400850118
   1.034965034965025   0.990990527856930
   1.035139860139850   0.990831963248031
   1.035314685314675   0.990601696056027
   1.035489510489500   0.990348715313522
   1.035664335664325   0.990122010053124
   1.035839160839150   0.989970569307438
   1.036013986013975   0.989943382109069
   1.036188811188800   0.990088097737054
   1.036363636363625   0.990411733256668
   1.036538461538451   0.990874330623609
   1.036713286713276   0.991433315087382
   1.036888111888101   0.992046111897490
   1.037062937062926   0.992670146303438
   1.037237762237751   0.993262843554729
   1.037412587412576   0.993781628900867
   1.037587412587401   0.994185098171143
   1.037762237762226   0.994458770529929
   1.037937062937052   0.994615088476685
   1.038111888111877   0.994667665090659
   1.038286713286702   0.994630113451096
   1.038461538461527   0.994516046637243
   1.038636363636352   0.994339077728348
   1.038811188811177   0.994112819803657
   1.038986013986002   0.993850499444800
   1.039160839160828   0.993558404828187
   1.039335664335653   0.993236822595235
   1.039510489510478   0.992885841500576
   1.039685314685303   0.992505550298846
   1.039860139860128   0.992096037744680
   1.040034965034953   0.991657392592711
   1.040209790209778   0.991189703597574
   1.040384615384603   0.990693435161946
   1.040559440559429   0.990174432402183
   1.040734265734254   0.989642563057884
   1.040909090909079   0.989107791673516
   1.041083916083904   0.988580082793545
   1.041258741258729   0.988069400962438
   1.041433566433554   0.987585710724660
   1.041608391608379   0.987138976624679
   1.041783216783204   0.986738313060226
   1.041958041958029   0.986382951473250
   1.042132867132854   0.986065747205191
   1.042307692307680   0.985779449329147
   1.042482517482505   0.985516806918216
   1.042657342657330   0.985270569045498
   1.042832167832155   0.985033484784089
   1.043006993006980   0.984798303207090
   1.043181818181805   0.984557773387598
   1.043356643356630   0.984304644398712
   1.043531468531456   0.984031665313531
   1.043706293706281   0.983731585205151
   1.043881118881106   0.983397153146673
   1.044055944055931   0.983021118211195
   1.044230769230756   0.982596229471814
   1.044405594405581   0.982115236001630
   1.044580419580406   0.981572606607590
   1.044755244755232   0.980976467691424
   1.044930069930057   0.980341458582766
   1.045104895104882   0.979682258721664
   1.045279720279707   0.979013547548164
   1.045454545454532   0.978350004502313
   1.045629370629357   0.977706309024156
   1.045804195804182   0.977097140553741
   1.045979020979007   0.976536878404771
   1.046153846153832   0.976037906651022
   1.046328671328657   0.975611795423627
   1.046503496503483   0.975270112452708
   1.046678321678308   0.975024425468387
   1.046853146853133   0.974886302200787
   1.047027972027958   0.974867310380030
   1.047202797202783   0.974979017736239
   1.047377622377608   0.975228705535621
   1.047552447552433   0.975599669264855
   1.047727272727258   0.976066865898782
   1.047902097902084   0.976605244040243
   1.048076923076909   0.977189752292080
   1.048251748251734   0.977795339257133
   1.048426573426559   0.978396953538245
   1.048601398601384   0.978969543738255
   1.048776223776209   0.979493940150075
   1.048951048951034   0.979978774916508
   1.049125874125860   0.980440886772145
   1.049300699300685   0.980897115648744
   1.049475524475510   0.981364301478065
   1.049650349650335   0.981859284191866
   1.049825174825160   0.982398903721907
   1.049999999999985   0.982999999999946
   1.050174825174810   0.983673543687846
   1.050349650349635   0.984407028367881
   1.050524475524460   0.985182078352425
   1.050699300699286   0.985980317953853
   1.050874125874111   0.986783371484538
   1.051048951048936   0.987572863256856
   1.051223776223761   0.988330417583179
   1.051398601398586   0.989037659210466
   1.051573426573411   0.989679191946731
   1.051748251748236   0.990249711902684
   1.051923076923061   0.990746050291440
   1.052097902097887   0.991165038326114
   1.052272727272712   0.991503507219822
   1.052447552447537   0.991758288185679
   1.052622377622362   0.991926212436799
   1.052797202797187   0.992004116273931
   1.052972027972012   0.991993903278963
   1.053146853146837   0.991912053098517
   1.053321678321662   0.991777650246634
   1.053496503496488   0.991609779237352
   1.053671328671313   0.991427524584711
   1.053846153846138   0.991249970802749
   1.054020979020963   0.991096202405506
   1.054195804195788   0.990985260423363
   1.054370629370613   0.990921444926862
   1.054545454545438   0.990872921067280
   1.054720279720263   0.990802418538722
   1.054895104895089   0.990672667035293
   1.055069930069914   0.990446396251098
   1.055244755244739   0.990086335880244
   1.055419580419564   0.989555215616835
   1.055594405594389   0.988816005425763
   1.055769230769214   0.987870689240731
   1.055944055944039   0.986803063197961
   1.056118881118864   0.985707225043617
   1.056293706293689   0.984677272523861
   1.056468531468515   0.983807303384854
   1.056643356643340   0.983191415372760
   1.056818181818165   0.982923706233740
   1.056993006992990   0.983097452844310
   1.057167832167815   0.983729315391534
   1.057342657342640   0.984698028260734
   1.057517482517465   0.985867898232291
   1.057692307692290   0.987103232086589
   1.057867132867116   0.988268336604009
   1.058041958041941   0.989227518564935
   1.058216783216766   0.989845084749747
   1.058391608391591   0.989986880897842
   1.058566433566416   0.989611090289491
   1.058741258741241   0.988819019393358
   1.058916083916066   0.987724286350234
   1.059090909090892   0.986440509300908
   1.059265734265717   0.985081306386169
   1.059440559440542   0.983760295746807
   1.059615384615367   0.982591095523611
   1.059790209790192   0.981685548625146
   1.059965034965017   0.981081730073928
   1.060139860139842   0.980719041999193
   1.060314685314667   0.980529997801040
   1.060489510489492   0.980447110879569
   1.060664335664318   0.980402894634877
   1.060839160839143   0.980329862467065
   1.061013986013968   0.980160527776231
   1.061188811188793   0.979829102990820
   1.061363636363618   0.979321328883352
   1.061538461538443   0.978682518407769
   1.061713286713268   0.977961302932755
   1.061888111888093   0.977206313826992
   1.062062937062919   0.976466182459164
   1.062237762237744   0.975789540197954
   1.062412587412569   0.975225018412046
   1.062587412587394   0.974819333761881
   1.062762237762219   0.974575164618333
   1.062937062937044   0.974451151062692
   1.063111888111869   0.974404018468006
   1.063286713286694   0.974390492207323
   1.063461538461520   0.974367297653690
   1.063636363636345   0.974291160180154
   1.063811188811170   0.974118805159763
   1.063986013985995   0.973809015898721
   1.064160839160820   0.973357519719286
   1.064335664335645   0.972791999529800
   1.064510489510470   0.972141191900386
   1.064685314685295   0.971433833401164
   1.064860139860121   0.970698660602256
   1.065034965034946   0.969964410073784
   1.065209790209771   0.969259818385868
   1.065384615384596   0.968612533851167
   1.065559440559421   0.968034616781928
   1.065734265734246   0.967526473896386
   1.065909090909071   0.967088231467761
   1.066083916083896   0.966720015769274
   1.066258741258721   0.966421953074147
   1.066433566433547   0.966194169655601
   1.066608391608372   0.966036791786857
   1.066783216783197   0.965947313613806
   1.066958041958022   0.965892630802103
   1.067132867132847   0.965819898062407
   1.067307692307672   0.965675941089461
   1.067482517482497   0.965407585578005
   1.067657342657323   0.964961657222783
   1.067832167832148   0.964284981718537
   1.068006993006973   0.963324384760008
   1.068181818181798   0.962035863916817
   1.068356643356623   0.960463098546531
   1.068531468531448   0.958698474544847
   1.068706293706273   0.956834899648319
   1.068881118881098   0.954965281593498
   1.069055944055924   0.953182528116940
   1.069230769230749   0.951579546955196
   1.069405594405574   0.950249245844821
   1.069580419580399   0.949272918411200
   1.069755244755224   0.948639622597988
   1.069930069930049   0.948294431712056
   1.070104895104874   0.948182148177213
   1.070279720279699   0.948247574417269
   1.070454545454524   0.948435512856035
   1.070629370629349   0.948690765917319
   1.070804195804175   0.948958136024933
   1.070979020979000   0.949187388045971
   1.071153846153825   0.949361277170511
   1.071328671328650   0.949476016734830
   1.071503496503475   0.949527859774753
   1.071678321678300   0.949513059326106
   1.071853146853125   0.949427868424712
   1.072027972027951   0.949268540106397
   1.072202797202776   0.949031327406986
   1.072377622377601   0.948714105202584
   1.072552447552426   0.948323823706029
   1.072727272727251   0.947870588116332
   1.072902097902076   0.947364506800161
   1.073076923076901   0.946815688124186
   1.073251748251726   0.946234240455074
   1.073426573426552   0.945630272159494
   1.073601398601377   0.945013891604113
   1.073776223776202   0.944395207155601
   1.073951048951027   0.943784375971599
   1.074125874125852   0.943194063811492
   1.074300699300677   0.942640601332456
   1.074475524475502   0.942140609709995
   1.074650349650327   0.941710710119614
   1.074825174825152   0.941367523736816
   1.074999999999978   0.941127671737105
   1.075174825174803   0.941007775295985
   1.075349650349628   0.941024006923234
   1.075524475524453   0.941176189964995
   1.075699300699278   0.941443521004384
   1.075874125874103   0.941803877926563
   1.076048951048928   0.942235138616696
   1.076223776223753   0.942715180959947
   1.076398601398579   0.943221882841480
   1.076573426573404   0.943733122146457
   1.076748251748229   0.944227355334018
   1.076923076923054   0.944698685662723
   1.077097902097879   0.945158285166833
   1.077272727272704   0.945618189524561
   1.077447552447529   0.946090434414120
   1.077622377622355   0.946587055513725
   1.077797202797180   0.947120088501588
   1.077972027972005   0.947701569055924
   1.078146853146830   0.948342629536070
   1.078321678321655   0.949035643350067
   1.078496503496480   0.949755281655807
   1.078671328671305   0.950475523855272
   1.078846153846130   0.951170349350445
   1.079020979020956   0.951813737543308
   1.079195804195781   0.952379667835842
   1.079370629370606   0.952842119630029
   1.079545454545431   0.953176559718273
   1.079720279720256   0.953382793985877
   1.079895104895081   0.953480490768713
   1.080069930069906   0.953489898853884
   1.080244755244731   0.953431267028494
   1.080419580419556   0.953324844079648
   1.080594405594381   0.953190878794451
   1.080769230769207   0.953049619960006
   1.080944055944032   0.952921171333220
   1.081118881118857   0.952823729161243
   1.081293706293682   0.952774144963774
   1.081468531468507   0.952789242117168
   1.081643356643332   0.952885843997780
   1.081818181818157   0.953080773981963
   1.081993006992983   0.953390855446072
   1.082167832167808   0.953832911766461
   1.082342657342633   0.954418731716893
   1.082517482517458   0.955106056663359
   1.082692307692283   0.955819774363424
   1.082867132867108   0.956484308845692
   1.083041958041933   0.957024084138766
   1.083216783216759   0.957363524271251
   1.083391608391584   0.957427053271749
   1.083566433566409   0.957139095168865
   1.083741258741234   0.956434912806328
   1.083916083916059   0.955345875917960
   1.084090909090884   0.953953599082822
   1.084265734265709   0.952340135351007
   1.084440559440534   0.950587537772611
   1.084615384615359   0.948777859397730
   1.084790209790184   0.946993153276456
   1.084965034965010   0.945315472458887
   1.085139860139835   0.943820774616831
   1.085314685314660   0.942539968766943
   1.085489510489485   0.941483772985290
   1.085664335664310   0.940662810107654
   1.085839160839135   0.940087702969817
   1.086013986013960   0.939769074407561
   1.086188811188785   0.939717547256668
   1.086363636363611   0.939943744352920
   1.086538461538436   0.940449176456513
   1.086713286713261   0.941178842964633
   1.086888111888086   0.942056108619126
   1.087062937062911   0.943004294311272
   1.087237762237736   0.943946720932350
   1.087412587412561   0.944806709373642
   1.087587412587387   0.945507580526427
   1.087762237762212   0.945972655281985
   1.087937062937037   0.946143584631722
   1.088111888111862   0.946057863429504
   1.088286713286687   0.945784208151720
   1.088461538461512   0.945391352296081
   1.088636363636337   0.944948029360294
   1.088811188811162   0.944522972842070
   1.088986013985987   0.944184916239116
   1.089160839160813   0.944002593049144
   1.089335664335638   0.944027961623459
   1.089510489510463   0.944238817920021
   1.089685314685288   0.944592469919163
   1.089860139860113   0.945046224913402
   1.090034965034938   0.945557390195255
   1.090209790209763   0.946083273057239
   1.090384615384588   0.946581180791871
   1.090559440559414   0.947008420803173
   1.090734265734239   0.947333153576919
   1.090909090909064   0.947564153688055
   1.091083916083889   0.947719694220923
   1.091258741258714   0.947818048259868
   1.091433566433539   0.947877488889233
   1.091608391608364   0.947916289193362
   1.091783216783189   0.947952722256597
   1.091958041958015   0.948005059223218
   1.092132867132840   0.948086416767377
   1.092307692307665   0.948193562023873
   1.092482517482490   0.948320028005067
   1.092657342657315   0.948459347723320
   1.092832167832140   0.948605054190992
   1.093006993006965   0.948750680420443
   1.093181818181790   0.948889759424035
   1.093356643356616   0.949015810859685
   1.093531468531441   0.949114206506551
   1.093706293706266   0.949148343409909
   1.093881118881091   0.949077951151470
   1.094055944055916   0.948862759312946
   1.094230769230741   0.948462497476048
   1.094405594405566   0.947836895222489
   1.094580419580391   0.946945682133980
   1.094755244755216   0.945748713693203
   1.094930069930042   0.944236734838991
   1.095104895104867   0.942471594679147
   1.095279720279692   0.940525111305459
   1.095454545454517   0.938469102809713
   1.095629370629342   0.936375387283698
   1.095804195804167   0.934315782819201
   1.095979020978992   0.932362107508010
   1.096153846153817   0.930585956793207
   1.096328671328643   0.929030439796942
   1.096503496503468   0.927682489416057
   1.096678321678293   0.926522463803078
   1.096853146853118   0.925530721110532
   1.097027972027943   0.924687619490945
   1.097202797202768   0.923973517096843
   1.097377622377593   0.923368772080752
   1.097552447552419   0.922853592113129
   1.097727272727244   0.922396542010927
   1.097902097902069   0.921946451146259
   1.098076923076894   0.921450237211605
   1.098251748251719   0.920854817899443
   1.098426573426544   0.920107110902253
   1.098601398601369   0.919154033912514
   1.098776223776194   0.917942504622704
   1.098951048951019   0.916420500460188
   1.099125874125845   0.914590485421636
   1.099300699300670   0.912534524703221
   1.099475524475495   0.910340993528994
   1.099650349650320   0.908098267123004
   1.099825174825145   0.905894720709300
