   3.994402750476373  -0.170617031511089  -3.904402750476373  -2.237328577140783
   3.994402750476373  -0.170617031511089  -3.838735880895180  -1.689419974951671
   3.994402750476373  -0.170617031511089  -3.727204603434078  -1.149147740554554
   3.994402750476373  -0.170617031511089  -3.544838039805768  -0.628858442473432
   3.994402750476373  -0.170617031511089  -3.269773954162180  -0.151478728819607
   3.994402750476373  -0.170617031511089  -2.902115691553639   0.258890748759730
   3.994402750476373  -0.170617031511089  -2.465318385822056   0.595286133295774
   3.994402750476373  -0.170617031511089  -1.985855164392039   0.868028898397310
   3.994402750476373  -0.170617031511089  -1.481597359784566   1.092016846043911
   3.994402750476373  -0.170617031511089  -0.962669718739809   1.279751445195755
   3.994402750476373  -0.170617031511089  -0.434660673393009   1.440305123492899
   3.994402750476373  -0.170617031511089   0.099251262541766   1.580055004435948
   3.994402750476373  -0.170617031511089   0.637174224339128   1.703514440930656
   3.994402750476373  -0.170617031511089   1.177929154125718   1.813940663718618
   3.994402750476373  -0.170617031511089   1.720749781587984   1.913738018176738
   3.994402750476373  -0.170617031511089   2.265119421862621   2.004720883412505
   3.994402750476373  -0.170617031511089   2.810678351224775   2.088286585501053
   3.994402750476373  -0.170617031511089   3.357169071671626   2.165531175225935
   3.994402750476373  -0.170617031511089   3.904402750476373   2.237328577140783
