  0   0.090000000000000  -2.407945608651872   0.090000000000000   0.090000000000000   0 0  43.613149306281969   4.500000000002029
  1   0.155666869581193  -1.860037006462759   0.139473330963125   0.151938713463744 161 4  40.934377801485482   4.194047331044059
  2   0.267198147042295  -1.319764772065643   0.240560955107044   0.261325834550210 161 4  39.346787899431149   3.900332637799220
  3   0.449564710670605  -0.799475473984520   0.409673294310414   0.441752874951863 161 4  39.766348111425756   3.600186060348008
  4   0.724628796314192  -0.322095760330696   0.675873197962037   0.717417291191213 161 3  43.051945001141384   3.273280849026277
  5   1.092287058922734   0.088273717248641   1.048482407472647   1.088452069889680  81 3  49.555514483456960   2.913640318734491
  6   1.529084364654316   0.424669101784685   1.499375629922370   1.527872555517507  81 3  59.322778871286204   2.536170405151535
  7   2.008547586084333   0.697411866886221   1.990999604709235   2.008282662435688  81 3  72.836257198439512   2.167278224500810
  8   2.512805390691807   0.921399814532822   2.502624552107997   2.512775226227490  81 2  91.514772419403045   1.840551963016607
  9   3.031733031736564   1.109134413684666   3.025615004203404   3.031748433452933  81 2 118.206375006473209   1.601404617471551
 10   3.559742077083364   1.269688091981810   3.555881560616459   3.559761123482784  81 2 169.145137836917343   1.504462943961851
 11   4.093654013018138   1.409437972924859   4.091099449546239   4.093669157459802  81 2                 nan   1.583169172943693
 12   4.631576974815500   1.532897409419567   4.629814147217601   4.631587990051995  81 2                 nan   1.818777733155279
 13   5.172331904602091   1.643323632207529   5.171070956123156   5.172339778096098  81 2                 nan   2.162844845020389
 14   5.715152532064357   1.743120986665649   5.714222647034783   5.715158189996324  81 2                 nan   2.573591461955476
 15   6.259522172338993   1.834103851901416   6.258818402580431   6.259526292807462  81 2                 nan   3.024842444771210
 16   6.805081101701147   1.917669553989964   6.804536503779777   6.805084150564759  81 2                 nan   3.501550179167402
 17   7.351571822147998   1.994914143714846   7.351142252217869   7.351574114940852  81 2                 nan   3.995010569030318
 18   7.898805500952745   2.066711545629694   7.898460983903842   7.898807252228962  81 2                 nan   4.500000000002029
